 x1 = -6.666667
 x2 = 5.0
 x3 = 3.8333333
